tool_mass_kg: 0.99834679901399215
tool_center_of_mass: [1.9133309341078965e-07, -5.1719511719617185e-08, 0.049999878290823245]
gravity_in_base_frame: [-0.00024782007438405723, -0.001419774151683928, -9.7937819922817422]
force_bias: [0.001648228164270904, 0.00019708113854264298, -0.0062717215965975015]
torque_bias: [-1.0734275992306357e-05, 8.1136313475325223e-05, -4.767228877638769e-08]
rotation_sensor_to_endeffector:
  - [-0.99999999688508145, 4.8770570193756857e-05, -6.2058596398767429e-05]
  - [-4.8768782068941974e-05, -0.99999999839566056, -2.8814680793867731e-05]
  - [6.2060001607383564e-05, 2.8811654182031576e-05, -0.99999999765922243]
quaternion_sensor_to_endeffector: [0.70710678103978775, 6.3219759123714432e-10, 4.9681627082825872e-10, 2.0373986122421574e-05]
calibration_date: 1750695506
num_poses: 320