tool_mass_kg: 1.0107334348185049
tool_center_of_mass: [1.8314920779776388e-07, -4.6924611984380978e-08, 0.049999925873033924]
gravity_in_base_frame: [0.0063336985253366063, 0.031176415886514403, -9.9152439589009447]
force_bias: [-0.080027660554857855, 0.0053551228961273177, 0.10357911549104699]
torque_bias: [-0.00026838397284985327, -0.0040028447659948181, -1.3573737017334112e-07]
rotation_sensor_to_endeffector:
  - [-0.99997922262640249, -0.0011773444750626649, 0.0063378368141976393]
  - [0.0011751838416645954, -0.99999925008849755, -0.00034462353507602739]
  - [-0.006338237801996105, 0.00033716825128897584, -0.9999798563266844]
quaternion_sensor_to_endeffector: [0.70710676064311173, -7.6389928590992742e-07, -1.4177059985289524e-07, 0.00024104980475116497]
calibration_date: 1750859890
num_poses: 320